100
19 930886
18 636915
14 238335
19 760492
6 641421
23 490027
5 520059
5 513926
6 383426
25 455736
8 595368
24 956429
17 21530
26 665123
10 703135
5 979802
0 723058
5 898167
10 18456
4 478042
24 377373
9 544919
23 898537
23 594324
20 664370
2 803526
10 268980
8 241873
23 999170
22 497281
6 420925
14 336327
2 126505
25 621729
22 925857
18 353895
18 100545
11 233367
20 990364
6 313750
7 426808
15 947178
23 393584
6 502651
8 612399
15 95060
17 993368
10 210012
16 698586
21 297539
0 480570
20 960378
17 66601
23 612902
6 570492
25 260756
16 560280
8 209441
15 429689
10 346619
4 744729
0 108117
6 905771
3 890675
9 698927
12 777856
14 872353
6 276965
4 964683
5 28624
10 332871
2 48829
21 530019
0 363368
25 486715
22 518149
15 700723
14 2245
11 493451
22 243555
20 597488
8 888228
1 792350
1 441500
17 87764
6 324914
14 275856
15 346491
8 148365
18 281936
4 452551
26 899228
14 975407
3 276121
8 794395
8 661237
21 573793
14 894428
3 231011
6 639529
